[[ -1.42557667e+00   1.86072796e+00   4.88094477e-01 ...,  -6.62799798e-04
   -2.59580864e-04  -1.94865588e-04]
 [ -1.42557667e+00   3.51661880e+00   1.55133652e-01 ...,  -1.55391722e-03
   -2.33375061e-05  -1.64274824e-04]
 [ -1.42557667e+00  -7.15102232e-01   6.96194993e-01 ...,  -9.32765458e-04
   -6.27113991e-05  -4.80379388e-04]
 ..., 
 [  1.77650371e+00  -7.15102232e-01  -7.60508619e-01 ...,  -2.44318872e-03
   -1.91328437e-03  -2.50948656e-04]
 [ -1.42557667e+00   1.55408151e+00   3.35988160e+00 ...,  -5.12357395e-04
   -1.41459185e-04   2.53798954e-04]
 [ -1.42557667e+00  -7.15102232e-01   1.90317799e+00 ...,  -2.14784167e-03
   -1.67704101e-03  -1.94865588e-04]][[ -1.42557667e+00   1.86072796e+00   4.88094477e-01 ...,  -6.62799798e-04
   -2.59580864e-04  -1.94865588e-04]
 [ -1.42557667e+00   3.51661880e+00   1.55133652e-01 ...,  -1.55391722e-03
   -2.33375061e-05  -1.64274824e-04]
 [ -1.42557667e+00  -7.15102232e-01   6.96194993e-01 ...,  -9.32765458e-04
   -6.27113991e-05  -4.80379388e-04]
 ..., 
 [  1.77650371e+00  -7.15102232e-01  -7.60508619e-01 ...,  -2.44318872e-03
   -1.91328437e-03  -2.50948656e-04]
 [ -1.42557667e+00   1.55408151e+00   3.35988160e+00 ...,  -5.12357395e-04
   -1.41459185e-04   2.53798954e-04]
 [ -1.42557667e+00  -7.15102232e-01   1.90317799e+00 ...,  -2.14784167e-03
   -1.67704101e-03  -1.94865588e-04]]hello